Freq.	V(n001)	Ix(U1:OUT)	Ix(U2:OUT)
1.00000000000000e-01	6.72564634685914e-06,-1.09359478269379e-12	5.09189780037372e-09,-4.02038921270070e-14	1.89228751463094e-10,1.29630020411688e-13
1.07977516232771e-01	6.72564634678867e-06,-1.06929684742120e-12	5.09189779649777e-09,-3.72764843802561e-14	1.89228770274382e-10,1.20051233405152e-13
1.16591440117983e-01	6.72564634672822e-06,-1.05130121164809e-12	5.09189779317336e-09,-3.45687791048871e-14	1.89228786408751e-10,1.11180009905956e-13
1.25892541179417e-01	6.72564634667637e-06,-1.03950181497315e-12	5.09189779032205e-09,-3.20648175973734e-14	1.89228800247137e-10,1.02964064986606e-13
1.35935639087853e-01	6.72564634663190e-06,-1.03382911614641e-12	5.09189778787648e-09,-2.97498419534645e-14	1.89228812116266e-10,9.53549756365224e-14
1.46779926762207e-01	6.72564634659376e-06,-1.03424968336613e-12	5.09189778577891e-09,-2.76102080958104e-14	1.89228822296371e-10,8.83078954043890e-14
1.58489319246111e-01	6.72564634656104e-06,-1.04076599736634e-12	5.09189778397986e-09,-2.56333053644679e-14	1.89228831027807e-10,8.17812901191487e-14
1.71132830416178e-01	6.72564634653298e-06,-1.05341646614234e-12	5.09189778243680e-09,-2.38074821967863e-14	1.89228838516725e-10,7.57366931206626e-14
1.84784979742229e-01	6.72564634650890e-06,-1.07227565140619e-12	5.09189778111332e-09,-2.21219774589414e-14	1.89228844939940e-10,7.01384785588952e-14
1.99526231496888e-01	6.72564634648825e-06,-1.09745470811051e-12	5.09189777997819e-09,-2.05668570245751e-14	1.89228850449106e-10,6.49536514498729e-14
2.15443469003188e-01	6.72564634647054e-06,-1.12910203963660e-12	5.09189777900457e-09,-1.91329552270624e-14	1.89228855174295e-10,6.01516532036834e-14
2.32630506715363e-01	6.72564634645534e-06,-1.16740417250853e-12	5.09189777816951e-09,-1.78118208403173e-14	1.89228859227070e-10,5.57041815427145e-14
2.51188643150958e-01	6.72564634644230e-06,-1.21258685579315e-12	5.09189777745328e-09,-1.65956672700166e-14	1.89228862703119e-10,5.15850236957967e-14
2.71227257933203e-01	6.72564634643111e-06,-1.26491639166681e-12	5.09189777683896e-09,-1.54773266617179e-14	1.89228865684512e-10,4.77699019055804e-14
2.92864456462524e-01	6.72564634642150e-06,-1.32470120499179e-12	5.09189777631206e-09,-1.44502076554435e-14	1.89228868241640e-10,4.42363303481886e-14
3.16227766016838e-01	6.72564634641325e-06,-1.39229366115508e-12	5.09189777586013e-09,-1.35082565378317e-14	1.89228870434879e-10,4.09634826099209e-14
3.41454887383360e-01	6.72564634640617e-06,-1.46809214288463e-12	5.09189777547251e-09,-1.26459215629389e-14	1.89228872316010e-10,3.79320689411161e-14
3.68694506451958e-01	6.72564634640009e-06,-1.55254339828412e-12	5.09189777514004e-09,-1.18581202314445e-14	1.89228873929449e-10,3.51242225618746e-14
3.98107170553497e-01	6.72564634639486e-06,-1.64614517392514e-12	5.09189777485487e-09,-1.11402093353843e-14	1.89228875313288e-10,3.25233943700938e-14
4.29866234708228e-01	6.72564634639035e-06,-1.74944914851802e-12	5.09189777461027e-09,-1.04879575919772e-14	1.89228876500201e-10,3.01142553953760e-14
4.64158883361278e-01	6.72564634638648e-06,-1.86306418445071e-12	5.09189777440047e-09,-9.89752070518792e-15	1.89228877518211e-10,2.78826064563047e-14
5.01187233627272e-01	6.72564634638313e-06,-1.98765991636071e-12	5.09189777422050e-09,-9.36541870806531e-15	1.89228878391353e-10,2.58152944842803e-14
5.41169526546464e-01	6.72564634638024e-06,-2.12397069789285e-12	5.09189777406613e-09,-8.88851545245653e-15	1.89228879140243e-10,2.39001349728521e-14
5.84341413373518e-01	6.72564634637773e-06,-2.27279992990033e-12	5.09189777393370e-09,-8.46400012494744e-15	1.89228879782562e-10,2.21258401981474e-14
6.30957344480193e-01	6.72564634637555e-06,-2.43502479560440e-12	5.09189777382011e-09,-8.08937068041179e-15	1.89228880333476e-10,2.04819526677885e-14
6.81292069057961e-01	6.72564634637364e-06,-2.61160143061755e-12	5.09189777372264e-09,-7.76241909529917e-15	1.89228880805991e-10,1.89587834947161e-14
7.35642254459641e-01	6.72564634637196e-06,-2.80357055830299e-12	5.09189777363901e-09,-7.48121835384303e-15	1.89228881211264e-10,1.75473552980473e-14
7.94328234724282e-01	6.72564634637047e-06,-3.01206362368623e-12	5.09189777356725e-09,-7.24411109055164e-15	1.89228881558864e-10,1.62393492715067e-14
8.57695898590894e-01	6.72564634636913e-06,-3.23830946206788e-12	5.09189777350564e-09,-7.04969982186510e-15	1.89228881856997e-10,1.50270561753420e-14
9.26118728128794e-01	6.72564634636792e-06,-3.48364154164528e-12	5.09189777345277e-09,-6.89683870959537e-15	1.89228882112703e-10,1.39033308919720e-14
1.00000000000000e+00	6.72564634636680e-06,-3.74950582282826e-12	5.09189777340736e-09,-6.78462680749589e-15	1.89228882332019e-10,1.28615503189967e-14
1.07977516232771e+00	6.72564634636575e-06,-4.03746928057380e-12	5.09189777336833e-09,-6.71240275131386e-15	1.89228882520122e-10,1.18955742928001e-14
1.16591440117983e+00	6.72564634636474e-06,-4.34922913996098e-12	5.09189777333478e-09,-6.67974086057667e-15	1.89228882681455e-10,1.09997094833063e-14
1.25892541179417e+00	6.72564634636375e-06,-4.68662287945424e-12	5.09189777330591e-09,-6.68644862992512e-15	1.89228882819826e-10,1.01686757504426e-14
1.35935639087853e+00	6.72564634636276e-06,-5.05163906079800e-12	5.09189777328104e-09,-6.73256559438975e-15	1.89228882938502e-10,9.39757507245061e-15
1.46779926762207e+00	6.72564634636173e-06,-5.44642904938248e-12	5.09189777325958e-09,-6.81836356244961e-15	1.89228883040285e-10,8.68186266451190e-15
1.58489319246111e+00	6.72564634636066e-06,-5.87331969415488e-12	5.09189777324101e-09,-6.94434821799431e-15	1.89228883127579e-10,8.01732021289394e-15
1.71132830416178e+00	6.72564634635950e-06,-6.33482704181405e-12	5.09189777322492e-09,-7.11126210087669e-15	1.89228883202444e-10,7.40003097446676e-15
1.84784979742229e+00	6.72564634635824e-06,-6.83367116611421e-12	5.09189777321091e-09,-7.32008898336526e-15	1.89228883266648e-10,6.82635669208432e-15
1.99526231496888e+00	6.72564634635685e-06,-7.37279219967881e-12	5.09189777319865e-09,-7.57205966823071e-15	1.89228883321706e-10,6.29291621259041e-15
2.15443469003188e+00	6.72564634635529e-06,-7.95536766282366e-12	5.09189777318787e-09,-7.86865924315793e-15	1.89228883368920e-10,5.79656548620081e-15
2.32630506715363e+00	6.72564634635353e-06,-8.58483119151098e-12	5.09189777317830e-09,-8.21163583354682e-15	1.89228883409402e-10,5.33437909061059e-15
2.51188643150958e+00	6.72564634635152e-06,-9.26489277482731e-12	5.09189777316971e-09,-8.60301090597218e-15	1.89228883444111e-10,4.90363291421769e-15
2.71227257933203e+00	6.72564634634922e-06,-9.99956062124596e-12	5.09189777316191e-09,-9.04509118211579e-15	1.89228883473863e-10,4.50178824052724e-15
2.92864456462524e+00	6.72564634634657e-06,-1.07931647825774e-11	5.09189777315469e-09,-9.54048223480688e-15	1.89228883499364e-10,4.12647660655773e-15
3.16227766016838e+00	6.72564634634351e-06,-1.16503826748135e-11	5.09189777314791e-09,-1.00921038446136e-14	1.89228883521213e-10,3.77548598287680e-15
3.41454887383360e+00	6.72564634633996e-06,-1.25762666463112e-11	5.09189777314141e-09,-1.07032072090456e-14	1.89228883539927e-10,3.44674760991707e-15
3.68694506451958e+00	6.72564634633586e-06,-1.35762737557682e-11	5.09189777313500e-09,-1.13773941041068e-14	1.89228883555949e-10,3.13832404970249e-15
3.98107170553497e+00	6.72564634633108e-06,-1.46562979355472e-11	5.09189777312857e-09,-1.21186381137361e-14	1.89228883569656e-10,2.84839740251040e-15
4.29866234708228e+00	6.72564634632554e-06,-1.58227047298521e-11	5.09189777312195e-09,-1.29313080488623e-14	1.89228883581371e-10,2.57525889894799e-15
4.64158883361278e+00	6.72564634631908e-06,-1.70823688125559e-11	5.09189777311498e-09,-1.38201936970849e-14	1.89228883591372e-10,2.31729868273313e-15
5.01187233627272e+00	6.72564634631156e-06,-1.84427145057704e-11	5.09189777310749e-09,-1.47905340529075e-14	1.89228883599895e-10,2.07299641653837e-15
5.41169526546464e+00	6.72564634630281e-06,-1.99117595379953e-11	5.09189777309932e-09,-1.58480481962194e-14	1.89228883607141e-10,1.84091216253787e-15
5.84341413373518e+00	6.72564634629262e-06,-2.14981622997269e-11	5.09189777309027e-09,-1.69989689996830e-14	1.89228883613281e-10,1.61967798705596e-15
6.30957344480193e+00	6.72564634628074e-06,-2.32112728750574e-11	5.09189777308015e-09,-1.82500798642620e-14	1.89228883618459e-10,1.40799002637295e-15
6.81292069057961e+00	6.72564634626690e-06,-2.50611881500551e-11	5.09189777306866e-09,-1.96087547003630e-14	1.89228883622799e-10,1.20460060629309e-15
7.35642254459641e+00	6.72564634625076e-06,-2.70588113227009e-11	5.09189777305560e-09,-2.10830013886233e-14	1.89228883626402e-10,1.00831097595125e-15
7.94328234724281e+00	6.72564634623196e-06,-2.92159161651442e-11	5.09189777304061e-09,-2.26815089775912e-14	1.89228883629354e-10,8.17964201629259e-16
8.57695898590894e+00	6.72564634621003e-06,-3.15452164170207e-11	5.09189777302336e-09,-2.44136988957198e-14	1.89228883631725e-10,6.32438462816966e-16
9.26118728128793e+00	6.72564634618448e-06,-3.40604407188493e-11	5.09189777300343e-09,-2.62897804806993e-14	1.89228883633569e-10,4.50640265623841e-16
1.00000000000000e+01	6.72564634615468e-06,-3.67764135271361e-11	5.09189777298038e-09,-2.83208111522484e-14	1.89228883634932e-10,2.71497969806833e-16
1.07977516232771e+01	6.72564634611995e-06,-3.97091424880719e-11	5.09189777295362e-09,-3.05187615819638e-14	1.89228883635845e-10,9.39559889176239e-17
1.16591440117983e+01	6.72564634607945e-06,-4.28759127848856e-11	5.09189777292255e-09,-3.28965862494012e-14	1.89228883636329e-10,-8.30322801337604e-17
1.25892541179417e+01	6.72564634603224e-06,-4.62953890147882e-11	5.09189777288642e-09,-3.54682997926099e-14	1.89228883636397e-10,-2.60509967560526e-16
1.35935639087853e+01	6.72564634597720e-06,-4.99877251960685e-11	5.09189777284438e-09,-3.82490596091690e-14	1.89228883636049e-10,-4.39522989440297e-16
1.46779926762207e+01	6.72564634591302e-06,-5.39746835536893e-11	5.09189777279544e-09,-4.12552551933999e-14	1.89228883635278e-10,-6.21126654573659e-16
1.58489319246111e+01	6.72564634583821e-06,-5.82797627834108e-11	5.09189777273847e-09,-4.45046047317772e-14	1.89228883634065e-10,-8.06390952656693e-16
1.71132830416178e+01	6.72564634575097e-06,-6.29283365505931e-11	5.09189777267207e-09,-4.80162595355812e-14	1.89228883632381e-10,-9.96408218562332e-16
1.84784979742229e+01	6.72564634564926e-06,-6.79478030397294e-11	5.09189777259471e-09,-5.18109169128827e-14	1.89228883630187e-10,-1.19229815969169e-15
1.99526231496888e+01	6.72564634553069e-06,-7.33677464363834e-11	5.09189777250457e-09,-5.59109421585196e-14	1.89228883627432e-10,-1.39521532680813e-15
2.15443469003188e+01	6.72564634539243e-06,-7.92201112931305e-11	5.09189777239949e-09,-6.03405003724930e-14	1.89228883624049e-10,-1.60635584372616e-15
2.32630506715363e+01	6.72564634523124e-06,-8.55393908072257e-11	5.09189777227703e-09,-6.51256988852642e-14	1.89228883619960e-10,-1.82696402358887e-15
2.51188643150958e+01	6.72564634504331e-06,-9.23628301197345e-11	5.09189777213427e-09,-7.02947411321053e-14	1.89228883615067e-10,-2.05833993215349e-15
2.71227257933203e+01	6.72564634482419e-06,-9.97306458343356e-11	5.09189777196782e-09,-7.58780928826484e-14	1.89228883609256e-10,-2.30184765186398e-15
2.92864456462524e+01	6.72564634456873e-06,-1.07686263049512e-10	5.09189777177381e-09,-8.19086617997344e-14	1.89228883602388e-10,-2.55892217148030e-15
3.16227766016838e+01	6.72564634427087e-06,-1.16276571301362e-10	5.09189777154760e-09,-8.84219913962004e-14	1.89228883594302e-10,-2.83107883759606e-15
3.41454887383360e+01	6.72564634392360e-06,-1.25552200925324e-10	5.09189777128390e-09,-9.54564705219500e-14	1.89228883584806e-10,-3.11992134762477e-15
3.68694506451957e+01	6.72564634351871e-06,-1.35567821465876e-10	5.09189777097642e-09,-1.03053559627227e-13	1.89228883573677e-10,-3.42715256317393e-15
3.98107170553497e+01	6.72564634304664e-06,-1.46382463892725e-10	5.09189777061797e-09,-1.11258035120846e-13	1.89228883560653e-10,-3.75458262418227e-15
4.29866234708228e+01	6.72564634249625e-06,-1.58059868522966e-10	5.09189777020004e-09,-1.20118253284086e-13	1.89228883545424e-10,-4.10414212939463e-15
4.64158883361278e+01	6.72564634185455e-06,-1.70668860699364e-10	5.09189776971279e-09,-1.29686435270473e-13	1.89228883527632e-10,-4.47789094904841e-15
5.01187233627272e+01	6.72564634110637e-06,-1.84283756439418e-10	5.09189776914469e-09,-1.40018974895931e-13	1.89228883506857e-10,-4.87803203476981e-15
5.41169526546464e+01	6.72564634023406e-06,-1.98984800445720e-10	5.09189776848234e-09,-1.51176771015204e-13	1.89228883482608e-10,-5.30692345895945e-15
5.84341413373518e+01	6.72564633921703e-06,-2.14858639059422e-10	5.09189776771012e-09,-1.63225586456187e-13	1.89228883454313e-10,-5.76709352398173e-15
6.30957344480193e+01	6.72564633803125e-06,-2.31998830944105e-10	5.09189776680977e-09,-1.76236435614644e-13	1.89228883421304e-10,-6.26125411395006e-15
6.81292069057961e+01	6.72564633664874e-06,-2.50506398510232e-10	5.09189776576003e-09,-1.90286003008459e-13	1.89228883382801e-10,-6.79231791234450e-15
7.35642254459641e+01	6.72564633503684e-06,-2.70490423329971e-10	5.09189776453612e-09,-2.05457095245375e-13	1.89228883337894e-10,-7.36341470667340e-15
7.94328234724281e+01	6.72564633315751e-06,-2.92068689051887e-10	5.09189776310919e-09,-2.21839129078673e-13	1.89228883285525e-10,-7.97791087006215e-15
8.57695898590894e+01	6.72564633096638e-06,-3.15368375604569e-10	5.09189776144548e-09,-2.39528658417010e-13	1.89228883224457e-10,-8.63942825434121e-15
9.26118728128793e+01	6.72564632841170e-06,-3.40526808780871e-10	5.09189775950575e-09,-2.58629943401095e-13	1.89228883153247e-10,-9.35186506274052e-15
1.00000000000000e+02	6.72564632543317e-06,-3.67692269620783e-10	5.09189775724419e-09,-2.79255564905994e-13	1.89228883070214e-10,-1.01194206193144e-14
1.07977516232771e+02	6.72564632196045e-06,-3.97024868363133e-10	5.09189775460741e-09,-3.01527088079260e-13	1.89228882973398e-10,-1.09466197987555e-14
1.16591440117983e+02	6.72564631791156e-06,-4.28697488117000e-10	5.09189775153313e-09,-3.25575778822427e-13	1.89228882860514e-10,-1.18383360455076e-14
1.25892541179417e+02	6.72564631319090e-06,-4.62896803815353e-10	5.09189774794880e-09,-3.51543377474304e-13	1.89228882728895e-10,-1.27998265123218e-14
1.35935639087853e+02	6.72564630768701e-06,-4.99824382455441e-10	5.09189774376979e-09,-3.79582934199176e-13	1.89228882575435e-10,-1.38367581183171e-14
1.46779926762207e+02	6.72564630126995e-06,-5.39697871111378e-10	5.09189773889742e-09,-4.09859711048056e-13	1.89228882396509e-10,-1.49552414348700e-14
1.58489319246111e+02	6.72564629378821e-06,-5.82752279720762e-10	5.09189773321664e-09,-4.42552156002237e-13	1.89228882187894e-10,-1.61618698269707e-14
1.71132830416178e+02	6.72564628506514e-06,-6.29241366205336e-10	5.09189772659335e-09,-4.77852954713421e-13	1.89228881944665e-10,-1.74637540798088e-14
1.84784979742229e+02	6.72564627489479e-06,-6.79439132090072e-10	5.09189771887115e-09,-5.15970166177918e-13	1.89228881661077e-10,-1.88685673046622e-14
1.99526231496888e+02	6.72564626303703e-06,-7.33641437435088e-10	5.09189770986774e-09,-5.57128449014017e-13	1.89228881330437e-10,-2.03845912097958e-14
2.15443469003188e+02	6.72564624921189e-06,-7.92167744598213e-10	5.09189769937053e-09,-6.01570385554531e-13	1.89228880944936e-10,-2.20207582178401e-14
2.32630506715363e+02	6.72564623309297e-06,-8.55363001106673e-10	5.09189768713169e-09,-6.49557911621855e-13	1.89228880495475e-10,-2.37867135641407e-14
2.51188643150958e+02	6.72564621429968e-06,-9.23599672733594e-10	5.09189767286222e-09,-7.01373860330386e-13	1.89228879971439e-10,-2.56928668965044e-14
2.71227257933203e+02	6.72564619238832e-06,-9.97279938762441e-10	5.09189765622524e-09,-7.57323629054784e-13	1.89228879360458e-10,-2.77504486464964e-14
2.92864456462524e+02	6.72564616684155e-06,-1.07683806237850e-09	5.09189763682799e-09,-8.17736979436259e-13	1.89228878648105e-10,-2.99715894248325e-14
3.16227766016838e+02	6.72564613705620e-06,-1.16274295015565e-09	5.09189761421243e-09,-8.82969980923148e-13	1.89228877817562e-10,-3.23693805822565e-14
3.41454887383360e+02	6.72564610232903e-06,-1.25550091572490e-09	5.09189758784463e-09,-9.53407109397443e-13	1.89228876849219e-10,-3.49579528655638e-14
3.68694506451957e+02	6.72564606184013e-06,-1.35565866391191e-09	5.09189755710202e-09,-1.02946351321987e-12	1.89228875720214e-10,-3.77525601563333e-14
3.98107170553497e+02	6.72564601463353e-06,-1.46380651293138e-09	5.09189752125879e-09,-1.11158746008477e-12	1.89228874403889e-10,-4.07696824116417e-14
4.29866234708228e+02	6.72564595959468e-06,-1.58058187362546e-09	5.09189747946864e-09,-1.20026297895462e-12	1.89228872869167e-10,-4.40270916641305e-14
4.64158883361278e+02	6.72564589542410e-06,-1.70667300625615e-09	5.09189743074489e-09,-1.29601271294163e-12	1.89228871079813e-10,-4.75439935147497e-14
5.01187233627272e+02	6.72564582060669e-06,-1.84282307698566e-09	5.09189737393718e-09,-1.39940099960733e-12	1.89228868993578e-10,-5.13411160639283e-14
5.41169526546464e+02	6.72564573337600e-06,-1.98983453795458e-09	5.09189730770427e-09,-1.51103719706507e-12	1.89228866561207e-10,-5.54408342387293e-14
5.84341413373517e+02	6.72564563167249e-06,-2.14857385676982e-09	5.09189723048236e-09,-1.63157927545095e-12	1.89228863725270e-10,-5.98673167377169e-14
6.30957344480193e+02	6.72564551309490e-06,-2.31997662327090e-09	5.09189714044822e-09,-1.76173769480604e-12	1.89228860418810e-10,-6.46466506853358e-14
6.81292069057961e+02	6.72564537484358e-06,-2.50505306367102e-09	5.09189703547612e-09,-1.90227959237974e-12	1.89228856563760e-10,-6.98070041652180e-14
7.35642254459641e+02	6.72564521365439e-06,-2.70489399456417e-09	5.09189691308766e-09,-2.05403330392060e-12	1.89228852069105e-10,-7.53787869275575e-14
7.94328234724281e+02	6.72564502572161e-06,-2.92067725188418e-09	5.09189677039319e-09,-2.21789324570923e-12	1.89228846828718e-10,-8.13948526339027e-14
8.57695898590894e+02	6.72564480660808e-06,-3.15367463269211e-09	5.09189660402365e-09,-2.39482518582908e-12	1.89228840718878e-10,-8.78906420996403e-14
9.26118728128793e+02	6.72564455114047e-06,-3.40525939070169e-09	5.09189641005104e-09,-2.58587193621151e-12	1.89228833595330e-10,-9.49044482566921e-14
1.00000000000000e+03	6.72564425328714e-06,-3.67691432969467e-09	5.09189618389559e-09,-2.79215949848132e-12	1.89228825289880e-10,-1.02477612691923e-13
1.07977516232771e+03	6.72564390601569e-06,-3.97024054251267e-09	5.09189592021773e-09,-3.01490370010786e-12	1.89228815606438e-10,-1.10654766913496e-13
1.16591440117983e+03	6.72564350112695e-06,-4.28696684710536e-09	5.09189561279194e-09,-3.25541735992727e-12	1.89228804316373e-10,-1.19484109643218e-13
1.25892541179417e+03	6.72564302906141e-06,-4.62895997521490e-09	5.09189525435985e-09,-3.51511802511785e-12	1.89228791153127e-10,-1.29017674280303e-13
1.35935639087853e+03	6.72564247867347e-06,-4.99823557370937e-09	5.09189483645876e-09,-3.79553632537798e-12	1.89228775805907e-10,-1.39311655985995e-13
1.46779926762207e+03	6.72564183696837e-06,-5.39697008334909e-09	5.09189434922198e-09,-4.09832499325371e-12	1.89228757912379e-10,-1.50426705359427e-13
1.58489319246111e+03	6.72564108879532e-06,-5.82751356494072e-09	5.09189378114570e-09,-4.42526860418998e-12	1.89228737050048e-10,-1.62428363447042e-13
1.71132830416178e+03	6.72564021648979e-06,-6.29240354837805e-09	5.09189311881754e-09,-4.77829409286616e-12	1.89228712726367e-10,-1.75387345476362e-13
1.84784979742229e+03	6.72563919945652e-06,-6.79437998610737e-09	5.09189234659983e-09,-5.15948210867370e-12	1.89228684367043e-10,-1.89380034700653e-13
1.99526231496888e+03	6.72563801368319e-06,-7.33640139900642e-09	5.09189144626039e-09,-5.57107927638082e-12	1.89228651302517e-10,-2.04488894090710e-13
2.15443469003188e+03	6.72563663117353e-06,-7.92166230968255e-09	5.09189039654213e-09,-6.01551143460835e-12	1.89228612752118e-10,-2.20802981472017e-13
2.32630506715363e+03	6.72563501928636e-06,-8.55361206572581e-09	5.09188917266102e-09,-6.49539792962453e-12	1.89228567805681e-10,-2.38418435469206e-13
2.51188643150958e+03	6.72563313996491e-06,-9.23597516360523e-09	5.09188774572118e-09,-7.01356704892117e-12	1.89228515401999e-10,-2.57439091189218e-13
2.71227257933203e+03	6.72563094883835e-06,-9.97277319265601e-09	5.09188608203251e-09,-7.57307268474415e-12	1.89228454303851e-10,-2.77977025720237e-13
2.92864456462524e+03	6.72562839417423e-06,-1.07683485280915e-08	5.09188414231540e-09,-8.17721232619746e-12	1.89228383068671e-10,-3.00153308066511e-13
3.16227766016838e+03	6.72562541565708e-06,-1.16273899121464e-08	5.09188188077319e-09,-8.82954648468473e-12	1.89228300014614e-10,-3.24098625409376e-13
3.41454887383360e+03	6.72562194296451e-06,-1.25549600734800e-08	5.09187924401121e-09,-9.53391966742078e-12	1.89228203180840e-10,-3.49954067679039e-13
3.68694506451957e+03	6.72561789410696e-06,-1.35565255467978e-08	5.09187616977603e-09,-1.02944830219812e-11	1.89228090281019e-10,-3.77872068182677e-13
3.98107170553497e+03	6.72561317349205e-06,-1.46379888673856e-08	5.09187258548584e-09,-1.11157187835568e-11	1.89227958649673e-10,-4.08017125741462e-13
4.29866234708228e+03	6.72560766966786e-06,-1.58057233290243e-08	5.09186840651688e-09,-1.20024666695185e-11	1.89227805179056e-10,-4.40566882729689e-13
4.64158883361278e+03	6.72560125269182e-06,-1.70666105084740e-08	5.09186353420581e-09,-1.29599523744924e-11	1.89227626245842e-10,-4.75713144608847e-13
5.01187233627272e+03	6.72559377106316e-06,-1.84280807756275e-08	5.09185785352039e-09,-1.39938183329598e-11	1.89227417625370e-10,-5.13663090982235e-13
5.41169526546464e+03	6.72558504814647e-06,-1.98981570254596e-08	5.09185123034409e-09,-1.51101569275587e-11	1.89227174392550e-10,-5.54640251130583e-13
5.84341413373518e+03	6.72557487800205e-06,-2.14855018862788e-08	5.09184350831006e-09,-1.63155463389039e-11	1.89226890804491e-10,-5.98886226780589e-13
6.30957344480193e+03	6.72556302052468e-06,-2.31994686783031e-08	5.09183450511010e-09,-1.76170892409704e-11	1.89226560166331e-10,-6.46661624960070e-13
6.81292069057961e+03	6.72554919577607e-06,-2.50501564177732e-08	5.09182400819139e-09,-1.90224545708623e-11	1.89226174672059e-10,-6.98247984318487e-13
7.35642254459641e+03	6.72553307737736e-06,-2.70484691841543e-08	5.09181176973951e-09,-2.05399226103505e-11	1.89225725220724e-10,-7.53949267385813e-13
7.94328234724281e+03	6.72551428480583e-06,-2.92061801920945e-08	5.09179750082934e-09,-2.21784336402993e-11	1.89225201202003e-10,-8.14093565179971e-13
8.57695898590894e+03	6.72549237441424e-06,-3.15360009353783e-08	5.09178086460646e-09,-2.39476404474944e-11	1.89224590244809e-10,-8.79035268308420e-13
9.26118728128794e+03	6.72546682896100e-06,-3.40516557972639e-08	5.09176146833724e-09,-2.58579649813756e-11	1.89223877926050e-10,-9.49156956720187e-13
1.00000000000000e+04	6.72543704540453e-06,-3.67679625504902e-08	5.09173885414148e-09,-2.79206594836685e-11	1.89223047430504e-10,-1.02487161613559e-12
1.07977516232771e+04	6.72540232067423e-06,-3.97009192006468e-08	5.09171248818855e-09,-3.01478724351580e-11	1.89222079154034e-10,-1.10662508539139e-12
1.16591440117983e+04	6.72536183508292e-06,-4.28677976586388e-08	5.09168174810259e-09,-3.25527196891673e-11	1.89220950238957e-10,-1.19489901924205e-12
1.25892541179417e+04	6.72531463299036e-06,-4.62872447613861e-08	5.09164590828064e-09,-3.51493611823489e-11	1.89219634038930e-10,-1.29021299894750e-12
1.35935639087853e+04	6.72525960026269e-06,-4.99793911948861e-08	5.09160412277808e-09,-3.79530836500404e-11	1.89218099486233e-10,-1.39312827225760e-12
1.46779926762207e+04	6.72519543799808e-06,-5.39659689093911e-08	5.09155540535870e-09,-4.09803897870783e-11	1.89216310362622e-10,-1.50425048335860e-12
1.58489319246111e+04	6.72512063190070e-06,-5.82704376532621e-08	5.09149860624101e-09,-4.42490943355490e-11	1.89214224442790e-10,-1.62423357828693e-12
1.71132830416178e+04	6.72503341658420e-06,-6.29181212886779e-08	5.09143238499437e-09,-4.77784275992546e-11	1.89211792500081e-10,-1.75378344086326e-12
1.84784979742229e+04	6.72493173396723e-06,-6.79363545888147e-08	5.09135517894928e-09,-5.15891469184431e-11	1.89208957144832e-10,-1.89366214584624e-12
1.99526231496888e+04	6.72481318478574e-06,-7.33546412509646e-08	5.09126516638150e-09,-5.57036566602872e-11	1.89205651475881e-10,-2.04469198258838e-12
2.15443469003188e+04	6.72467497208739e-06,-7.92048238925062e-08	5.09116022360822e-09,-6.01461373101928e-11	1.89201797504658e-10,-2.20776030034668e-12
2.32630506715363e+04	6.72451383538743e-06,-8.55212668247563e-08	5.09103787499351e-09,-6.49426842679715e-11	1.89197304310988e-10,-2.38382530572990e-12
2.51188643150958e+04	6.72432597394941e-06,-9.23410524215295e-08	5.09089523469678e-09,-7.01214569632221e-11	1.89192065914446e-10,-2.57392055881533e-12
2.71227257933203e+04	6.72410695740467e-06,-9.97041919124738e-08	5.09072893880730e-09,-7.57128389280870e-11	1.89185958779256e-10,-2.77916117188685e-12
2.92864456462524e+04	6.72385162163354e-06,-1.07653851431661e-07	5.09053506628852e-09,-8.17496094553766e-11	1.89178838902149e-10,-3.00075070408600e-12
3.16227766016838e+04	6.72355394749631e-06,-1.16236594135685e-07	5.09030904690037e-09,-8.82671274547689e-11	1.89170538450113e-10,-3.23998660706945e-12
3.41454887383360e+04	6.72320691961262e-06,-1.25502639167287e-07	5.09004555397255e-09,-9.53035281090509e-11	1.89160861797616e-10,-3.49826906624705e-12
3.68694506451958e+04	6.72280236193991e-06,-1.35506138171828e-07	5.08973837956186e-09,-1.02899932851453e-10	1.89149580968716e-10,-3.77710707967722e-12
3.98107170553497e+04	6.72233074638360e-06,-1.46305469967814e-07	5.08938028913278e-09,-1.11100673138018e-10	1.89136430268904e-10,-4.07812840222126e-12
4.29866234708228e+04	6.72178097007637e-06,-1.57963553815158e-07	5.08896285244913e-09,-1.19953528333617e-10	1.89121100112712e-10,-4.40308632329926e-12
4.64158883361278e+04	6.72114009627973e-06,-1.70548181504253e-07	5.08847624684454e-09,-1.29509977901036e-10	1.89103229758807e-10,-4.75387086986990e-12
5.01187233627272e+04	6.72039305307806e-06,-1.84132368184232e-07	5.08790902844549e-09,-1.39825467812367e-10	1.89082398938120e-10,-5.13251717224061e-12
5.41169526546464e+04	6.71952228314145e-06,-1.98794721440154e-07	5.08724786624168e-09,-1.50959690824822e-10	1.89058118073464e-10,-5.54121639680212e-12
5.84341413373518e+04	6.71850733681748e-06,-2.14619827585418e-07	5.08647723312688e-09,-1.62976879828723e-10	1.89029816938485e-10,-5.98232629128879e-12
6.30957344480193e+04	6.71732439966275e-06,-2.31698653423907e-07	5.08557904716075e-09,-1.75946112944249e-10	1.88996831498852e-10,-6.45838194425561e-12
6.81292069057961e+04	6.71594574423246e-06,-2.50128960811552e-07	5.08453225532125e-09,-1.89941628345399e-10	1.88958388576854e-10,-6.97210884971135e-12
7.35642254459641e+04	6.71433909450400e-06,-2.70015730154756e-07	5.08331235092107e-09,-2.05043145865621e-10	1.88913588175674e-10,-7.52643318781387e-12
7.94328234724282e+04	6.71246688971515e-06,-2.91471587458003e-07	5.08189081465150e-09,-2.21336191307712e-10	1.88861382940696e-10,-8.12449415307360e-12
8.57695898590894e+04	6.71028543265494e-06,-3.14617227591738e-07	5.08023446789263e-09,-2.38912417886225e-10	1.88800554432082e-10,-8.76965531028246e-12
9.26118728128793e+04	6.70774390557011e-06,-3.39581823996516e-07	5.07830472550602e-09,-2.57869917383562e-10	1.88729685574974e-10,-9.46551838328952e-12
1.00000000000000e+05	6.70478323487517e-06,-3.66503411949249e-07	5.07605673382681e-09,-2.78313511222913e-10	1.88647129143899e-10,-1.02159306797977e-11
1.07977516232771e+05	6.70133478383401e-06,-3.95529228651130e-07	5.07343837803682e-09,-3.00355008772108e-10	1.88550971310832e-10,-1.10249949915340e-11
1.16591440117983e+05	6.69731885040207e-06,-4.26815988582650e-07	5.07038914159872e-09,-3.24113416512230e-10	1.88438989536909e-10,-1.18970811424743e-11
1.25892541179417e+05	6.69264294561478e-06,-4.60530066612945e-07	5.06683879906332e-09,-3.49715077145281e-10	1.88308604940449e-10,-1.28368245922436e-11
1.35935639087853e+05	6.68719982646972e-06,-4.96847554026259e-07	5.06270592246629e-09,-3.77293712252364e-10	1.88156827028158e-10,-1.38491348872816e-11
1.46779926762207e+05	6.68086525645520e-06,-5.35954143680545e-07	5.05789618093242e-09,-4.06990335187630e-10	1.87980191675450e-10,-1.49391859596272e-11
1.58489319246111e+05	6.67349546710585e-06,-5.78044789683447e-07	5.05230041327218e-09,-4.38952992811726e-10	1.87774689809942e-10,-1.61124139413524e-11
1.71132830416178e+05	6.66492429574299e-06,-6.23323073977919e-07	5.04579245471296e-09,-4.73336284655197e-10	1.87535688226615e-10,-1.73744912854197e-11
1.84784979742229e+05	6.65495997858477e-06,-6.72000196837118e-07	5.03822670195451e-09,-5.10300596571900e-10	1.87257839615479e-10,-1.87313054769056e-11
1.99526231496888e+05	6.64338158561883e-06,-7.24293490283110e-07	5.02943540622282e-09,-5.50010972135564e-10	1.86934983607142e-10,-2.01889123866626e-11
2.15443469003188e+05	6.62993509522060e-06,-7.80424332827607e-07	5.01922569278512e-09,-5.92635529507549e-10	1.86560036862301e-10,-2.17534828128391e-11
2.32630506715363e+05	6.61432912400039e-06,-8.40615320856291e-07	5.00737631868766e-09,-6.38343313875320e-10	1.86124874443540e-10,-2.34312192795949e-11
2.51188643150958e+05	6.59623035266212e-06,-9.05086527000150e-07	4.99363419967624e-09,-6.87301456691162e-10	1.85620201780944e-10,-2.52282559388615e-11
2.71227257933203e+05	6.57525872402169e-06,-9.74050650067326e-07	4.97771076412329e-09,-7.39671493281081e-10	1.85035421410097e-10,-2.71505181636693e-11
2.92864456462524e+05	6.55098253737499e-06,-1.04770683649716e-06	4.95927822825012e-09,-7.95604671802741e-10	1.84358495664215e-10,-2.92035544845208e-11
3.16227766016838e+05	6.52291362695394e-06,-1.12623293294022e-06	4.93796593519650e-09,-8.55236070984586e-10	1.83575812450098e-10,-3.13923188006258e-11
3.41454887383360e+05	6.49050289405747e-06,-1.20977591813450e-06	4.91335696262465e-09,-9.18677335470510e-10	1.82672059764990e-10,-3.37209085543784e-11
3.68694506451958e+05	6.45313656487169e-06,-1.29844026640383e-06	4.88498528133472e-09,-9.86007840644238e-10	1.81630124196143e-10,-3.61922242483067e-11
3.98107170553497e+05	6.41013366999500e-06,-1.39227402396786e-06	4.85233384147944e-09,-1.05726412095592e-09	1.80431016261775e-10,-3.88076054409902e-11
4.29866234708228e+05	6.36074538580828e-06,-1.49125244464299e-06	4.81483407246700e-09,-1.13242744503274e-09	1.79053856467179e-10,-4.15663509663612e-11
4.64158883361278e+05	6.30415703652402e-06,-1.59525914797781e-06	4.77186740304805e-09,-1.21140950975298e-09	1.77475927037644e-10,-4.44652133773927e-11
5.01187233627272e+05	6.23949371725150e-06,-1.70406494687383e-06	4.72276953079824e-09,-1.29403636472615e-09	1.75672832760194e-10,-4.74977903545557e-11
5.41169526546464e+05	6.16583064223134e-06,-1.81730476003390e-06	4.66683827932202e-09,-1.38003088272106e-09	1.73618787037969e-10,-5.06538924105671e-11
5.84341413373517e+05	6.08220941684386e-06,-1.93445339066924e-06	4.60334595327921e-09,-1.46899436927191e-09	1.71287064433692e-10,-5.39188704186006e-11
6.30957344480193e+05	5.98766143248561e-06,-2.05480142171547e-06	4.53155710169586e-09,-1.56038826073642e-09	1.68650657217738e-10,-5.72729290340009e-11
6.81292069057961e+05	5.88123943281589e-06,-2.17743303785610e-06	4.45075248563292e-09,-1.65351728545916e-09	1.65683151418114e-10,-6.06905224835229e-11
7.35642254459641e+05	5.76205793278918e-06,-2.30120819831205e-06	4.36025976763735e-09,-1.74751592838563e-09	1.62359855711744e-10,-6.41398509303337e-11
7.94328234724281e+05	5.62934252485175e-06,-2.42475217788538e-06	4.25949094905937e-09,-1.84134049032339e-09	1.58659177644749e-10,-6.75825658451296e-11
8.57695898590894e+05	5.48248713617455e-06,-2.54645595018041e-06	4.14798584443485e-09,-1.93376937957167e-09	1.54564216094513e-10,-7.09737909265952e-11
9.26118728128793e+05	5.32111700904350e-06,-2.66449104729103e-06	4.02545990138550e-09,-2.02341439526846e-09	1.50064525653521e-10,-7.42625175880588e-11
1.00000000000000e+06	5.14515364184959e-06,-2.77684220950009e-06	3.89185350909463e-09,-2.10874551858662e-09	1.45157913174689e-10,-7.73925463363585e-11
